0
0
0
0
0
0
0
0
0
0
0
0
0
1
1
1
1
1
1
1
1
1
1
1
1
1
1
1
1
1
1
2
2
2
2
3
3
3
3
3
3
3
3
3
3
3
3
3
3
3
3
3
3
3
3
3
3
3
4
5
5
5
5
5
5
5
5
5
5
5
5
5
5
5
5
5
5
5
5
5
5
5
5
5
5
5
5
5
5
5
6
6
6
6
6
6
6
6
6
6
6
0
0
0
0
0
0
0
0
0
0
0
0
0
0
0
0
0
0
0
0
0
1
1
0
0
1
2
24
53
29
48
27
53
38
24
27
41
35
47
42
21
41
61
35
41
61
44
47
28
46
57
29
49
36
58
22
30
61
24
20
25
50
54
17
27
51
18
61
21
36
27
36
44
62
59
49
33
34
61
21
19
27
34
59
61
44
26
24
57
42
40
34
41
54
51
49
46
45
27
55
23
43
27
34
45
39
57
36
40
50
61
52
60
35
23
27
43
51
46
24
22
48
59
33
44
45
47
28
44
54
27
38
31
41
47
32
53
50
60
40
35
32
21
34
17
21
53
17
52
33
46
20
51
51
17
52
40
62
61
36
22
59
41
54
47
23
37
27
39
27
25
40
59
39
21
38
49
49
52
57
20
57
33
43
62
57
37
55
60
52
55
21
58
36
25
56
41
32
34
57
45
20
40
24
51
57
29
43
43
56
48
24
52
33
49
31
24
42
48
36
41
62
38
18
23
54
37
23
29
37
42
42
26
25
58
28
59
21
57
48
47
26
38
29
27
38
29
27
34
46
18
42
23
40
55
41
39
29
57
50
50
32
25
45
41
20
42
38
48
61
25
18
57
60
30
38
34
51
